% DATA FILE to specify the x,y,z-coordinates of the 
%           polytope vertices as n-by-3 matrices.

% Coordinates of Tetrahedron 1
X_1 = [   -1  -1  -2;
           1  -1  -2;
           1   1  -2;
          -1   1  -2;
          -1  -1   2;
           1  -1   2;
           1   1   2;
          -1   1   2;
           2  -1  -1;
           2  -1   1;
           2   1  -1;
           2   1   1;
          -2  -1  -1;
          -2  -1   1;
          -2   1  -1;
          -2   1   1;
           1   2  -1;
           1   2   1;
          -1   2  -1;
          -1   2   1;
           1  -2  -1;
           1  -2   1;
          -1  -2  -1;
          -1  -2   1];
    
% Coordinates of Tetrahedron 2    
X_2 = [ 2.6910   -0.9511    1.6180;
        2.9511   -1.3090   -1.1756;
        1.0489    1.3090    1.1756;
        2.4716    1.7569    0.8313;
        0.1834    0.0944    0.8313;
        3.8166   -0.0944   -0.8313;
        1.5284   -1.7569   -0.8313;
        3.6180    1.1756         0;
        0.3820   -1.1756         0;
        0.6180    1.9021   -3.2361 ];
